15 0
12 1
1 5
15 0
4 2
4 3
1 2
1 3
1 5
13 0
1 2
2 3
3 2
5 3
2 2
4 3
1 5
13 0
3 2
7 3
6 2
14 0
3 2
12 0
3 2
1 5
16 0
11 3
15 0
1 2
3 3
1 2
10 0
1 2
3 3
1 2
1 5
15 0
2 2
1 1
7 2
17 0
1 2
1 3
1 2
1 3
1 2
10 0
1 2
1 3
1 2
1 3
1 2
1 5
12 0
4 2
7 1
6 2
13 0
1 2
1 3
1 2
1 3
1 2
10 0
1 2
1 3
1 2
1 3
1 2
1 5
11 0
3 3
1 2
3 1
1 3
4 1
1 3
1 1
3 2
4 3
10 0
1 2
3 3
1 2
10 0
1 2
3 3
1 2
1 5
11 0
4 3
10 1
2 2
5 3
11 0
3 2
12 0
3 2
1 5
11 0
4 3
4 1
4 0
5 1
4 3
1 5
13 0
4 2
8 0
4 2
1 5
11 0
6 2
8 0
6 2
1 5
62 2
1 5
1 2
3 3
1 2
6 3
1 2
1 3
2 2
3 3
1 2
6 3
1 2
1 3
2 2
3 3
1 2
6 3
1 2
1 3
2 2
18 4
1 2
1 5
43 2
18 4
1 2
1 5
1 2
2 3
1 2
4 3
1 2
4 3
2 2
2 3
1 2
4 3
1 2
4 3
2 2
2 3
1 2
4 3
1 2
4 3
21 2
1 5
42 2
4 0
1 2
10 4
1 2
1 5
1 2
5 3
1 2
6 3
2 2
5 3
1 2
6 3
2 2
5 3
1 2
6 3
1 2
4 0
1 2
10 4
1 2
1 5
42 2
4 0
1 2
10 4
1 2
1 5
1 2
1 3
1 2
2 3
1 2
4 3
1 2
2 3
2 2
1 3
1 2
2 3
1 2
4 3
1 2
2 3
2 2
1 3
1 2
2 3
1 2
4 3
1 2
2 3
1 2
4 0
1 2
10 4
1 2
1 5
42 2
4 0
